2 10208.56 400.0 600.0 800.0 1000.0 1200.0
10 7355.36 2000.0 3000.0 4000.0 5000.0 6000.0
20 12413.1 4000.0 6000.0 8000.0 10000.0 12000.0
30 16105.86 6000.0 9000.0 12000.0 15000.0 18000.0
40 20556.92 8000.0 12000.0 16000.0 20000.0 24000.0
50 25025.55 10000.0 15000.0 20000.0 25000.0 30000.0
100 46405.285 20000.0 30000.0 40000.0 50000.0 60000.0
150 66091.04 30000.0 45000.0 60000.0 75000.0 90000.0
200 83630.9 40000.0 60000.0 80000.0 100000.0 120000.0
300 117599.695 60000.0 90000.0 120000.0 150000.0 180000.0
400 143931.22 80000.0 120000.0 160000.0 200000.0 240000.0
500 169591.48 100000.0 150000.0 200000.0 250000.0 300000.0
1000 324996.0 200000.0 300000.0 400000.0 500000.0 600000.0
1500 484310.0 300000.0 450000.0 600000.0 750000.0 900000.0
2000 646577.0 400000.0 600000.0 800000.0 1000000.0 1200000.0
5000 1610064.0 1000000.0 1500000.0 2000000.0 2500000.0 3000000.0
10000 3172948.0 2000000.0 3000000.0 4000000.0 5000000.0 6000000.0
25000 7640946.0 5000000.0 7500000.0 1.0E7 1.25E7 1.5E7
50000 1.4215522E7 1.0E7 1.5E7 2.0E7 2.5E7 3.0E7
75000 1.9561746E7 1.5E7 2.25E7 3.0E7 3.75E7 4.5E7
100000 2.3817535E7 2.0E7 3.0E7 4.0E7 5.0E7 6.0E7
250000 5.9838839E7 5.0E7 7.5E7 1.0E8 1.25E8 1.5E8
500000 1.31016442E8 1.0E8 1.5E8 2.0E8 2.5E8 3.0E8
