2 250164.33333333334 29191.666666666668 1537.1666666666667 1134.3333333333333
10 8060.333333333333 6767.333333333333 3394.6 5461.366666666667
20 12419.666666666666 11916.333333333334 5608.166666666667 10805.166666666666
30 17065.666666666668 19788.0 7800.233333333334 16143.533333333333
40 21865.333333333332 22605.0 10029.8 21515.566666666666
50 26435.666666666668 36090.0 12199.9 26829.466666666667
100 49986.333333333336 56122.333333333336 23194.9 54033.1
150 73565.33333333333 87386.66666666667 34256.666666666664 81035.2
200 96575.66666666667 112276.66666666667 45847.5 107136.93333333333
300 151784.33333333334 169493.66666666666 67168.1 160540.96666666667
400 181389.66666666666 223278.0 89463.96666666666 214855.43333333332
500 223926.66666666666 279674.3333333333 111094.23333333334 268276.43333333335
1000 441848.6666666667 551279.3333333334 221394.73333333334 536211.4
1500 667971.6666666666 839439.0 331683.7 802210.5666666667
2000 887715.6666666666 1115975.6666666667 440643.93333333335 1072968.8333333333
5000 2096933.0 2784432.0 1107820.5333333334 2689510.7333333334
10000 4023699.6666666665 5410862.0 2200409.933333333 5356539.333333333
25000 8926335.666666666 1.3536383666666666E7 5512489.866666666 1.3474713E7
50000 1.4926057E7 2.8503874E7 1.1034227766666668E7 2.6927613233333334E7
75000 1.8404342E7 4.0562373666666664E7 1.6642963833333334E7 4.032046843333333E7
100000 2.2250014333333332E7 5.3740126E7 2.2164041533333335E7 5.4189662233333334E7
250000 5.6081986E7 1.3701677466666666E8 5.586051306666667E7 1.3969968296666667E8
500000 1.1243618433333333E8 2.924188526666667E8 1.1219352223333333E8 2.93820994E8
