2 1443.3333333333333 5447.666666666667 516.8333333333334 805.4666666666667
10 814.6666666666666 2468.0 512.1333333333333 758.8666666666667
20 884.3333333333334 4144.0 507.56666666666666 756.5666666666667
30 1117.6666666666667 3282.3333333333335 528.4333333333333 761.2666666666667
40 1513.3333333333333 2816.6666666666665 530.7 770.5333333333333
50 1001.3333333333334 7124.333333333333 526.1333333333333 772.9
100 2025.3333333333333 5867.0 544.7333333333333 840.5
150 2840.0 18414.666666666668 551.7666666666667 938.1666666666666
200 3887.6666666666665 40577.333333333336 549.1 945.1333333333333
300 4167.0 54336.666666666664 588.9333333333333 1049.9
400 7240.0 31592.0 581.8666666666667 1066.2
500 11407.333333333334 70120.33333333333 642.5 1108.2333333333333
1000 15784.333333333334 90258.0 733.4 1429.4
1500 29635.666666666668 139845.33333333334 828.7666666666667 2316.4
2000 37411.666666666664 232199.33333333334 1040.6666666666667 2728.5
5000 62088.666666666664 337892.3333333333 1850.8 6460.3
10000 3143.0 396070.0 3273.133333333333 14610.966666666667
25000 9079.666666666666 257854.33333333334 6620.833333333333 37204.333333333336
50000 17204.333333333332 128344.66666666667 13341.966666666667 66298.03333333334
75000 15645.0 219324.66666666666 14573.5 139100.6
100000 19415.666666666668 444796.0 23946.266666666666 218642.8
250000 52916.333333333336 611041.6666666666 81837.63333333333 1539539.2666666666
500000 207009.66666666666 3856145.6666666665 173967.63333333333 3061257.466666667
