2 1583.3333333333333 94868.0 24479.633333333335 35337.4
10 1047.6666666666667 11360.666666666666 2437.5333333333333 10047.966666666667
20 1350.3333333333333 21371.0 7542.9 16924.866666666665
30 1653.0 31475.333333333332 11249.1 26761.0
40 2002.0 42253.666666666664 19637.0 45243.23333333333
50 2304.6666666666665 51496.333333333336 21280.633333333335 53836.03333333333
100 3887.6666666666665 101596.0 44693.7 125698.0
150 5541.0 151858.33333333334 71675.8 131243.3
200 7007.333333333333 202633.0 97091.1 145307.33333333334
300 10243.666666666666 303320.6666666667 181689.9 262349.4
400 14643.0 430734.0 279684.0333333333 302114.73333333334
500 17903.0 543039.6666666666 292674.56666666665 294250.7
1000 35130.333333333336 905282.3333333334 612417.1666666666 399711.06666666665
1500 53242.666666666664 1207277.3333333333 911561.3666666667 424092.56666666665
2000 73450.0 289073.0 1000241.2 482931.5
5000 191201.66666666666 648336.3333333334 306095.76666666666 1064662.9666666666
10000 13223.333333333334 889033.6666666666 656803.7 2030432.7
25000 31475.333333333332 122804.33333333333 1800817.8666666667 5457004.3
50000 61343.666666666664 446053.3333333333 3861890.1333333333 1.2406095633333333E7
75000 91538.33333333333 488214.0 6017064.6 1.8834415166666668E7
100000 121756.33333333333 860514.3333333334 8230478.4 2.90355105E7
250000 302669.0 5788471.666666667 2.2237562633333333E7 1.080217023E8
500000 627407.0 1.2484246333333334E7 4.705381156666667E7 2.6091622176666668E8
