2 0.17328679513998632 0.34657359027997264 0.49012907173427356 0.6034196684835806 0.6467291874531493
10 0.02302585092994046 0.23025850929940458 0.7281413400211801 1.4528329757152019 1.829008352220406
20 0.007489330683884977 0.14978661367769955 0.6698661006056719 1.6454966370175719 2.220240388232341
30 0.0037791082018468394 0.11337324605540518 0.6209708428212901 1.7226917946253184 2.42058150478155
40 0.0023055496588212103 0.09222198635284841 0.5832630544399313 1.7639345436829852 2.5508708114277376
50 0.0015648092021712584 0.07824046010856292 0.553243599059204 1.7889878836382134 2.645479494765534
100 4.605170185988092E-4 0.04605170185988092 0.46051701859880917 1.833351272661042 2.9056659514304037
150 2.2269490195983357E-4 0.033404235293975036 0.40911665859053836 1.839393050687813 3.035873472246783
200 1.324579341637009E-4 0.02649158683274018 0.3746476138764567 1.8362506800110634 3.119140725783025
300 6.337536082951334E-5 0.019012608248854004 0.3293080347141827 1.8227986720301248 3.2244142290270372
400 3.7446653419424884E-5 0.014978661367769954 0.2995732273553991 1.807677679570413 3.2909932740351437
500 2.4858432393688767E-5 0.012429216196844383 0.27792572323185444 1.7931629037687804 3.3382337700574114
1000 6.907755278982137E-6 0.006907755278982137 0.21844240200635404 1.7351496757463902 3.4620787588472433
1500 3.250320172040134E-6 0.0048754802580602006 0.188826538442302 1.6939103025875377 3.5196504597453258
2000 1.9002256148855206E-6 0.003800451229771041 0.1699613458988144 1.6621076954010987 3.5543661136689386
5000 3.406877276566495E-7 0.0017034386382832477 0.12045130124652628 1.5506097034549857 3.634121958439309
10000 9.210340371976183E-8 9.210340371976184E-4 0.09210340371976183 1.459740575579481 3.666702545322084
25000 1.6202609766160542E-8 4.050652441540135E-4 0.06404643862494436 1.3362169851009367 3.6785019345946073
50000 4.327911313764113E-9 2.1639556568820567E-4 0.04838751949083489 1.2428661516734731 3.6670882452301616
75000 1.995598825336613E-9 1.4966991190024597E-4 0.0409887934637878 1.1890045422931188 3.6533361988804494
100000 1.151292546497023E-9 1.1512925464970229E-4 0.036407067001059 1.1512925464970227 3.6407067001059
250000 1.9886745914951012E-10 4.9716864787377535E-5 0.024858432393688765 1.0347983810174102 3.586325807537561
500000 5.2489453509617315E-11 2.6244726754808658E-5 0.018557824258713215 0.9510822115331616 3.532767524409649
